Number of models: 1
Model 1
=======
structure  : V {
  Getal = { 1..25 }
  Kolom = { 1..5 }
  Rij = { 1..5 }
  Buur = { 1,1,1,2; 1,1,2,1; 1,1,2,2; 1,2,1,1; 1,2,1,3; 1,2,2,1; 1,2,2,2; 1,2,2,3; 1,3,1,2; 1,3,1,4; 1,3,2,2; 1,3,2,3; 1,3,2,4; 1,4,1,3; 1,4,1,5; 1,4,2,3; 1,4,2,4; 1,4,2,5; 1,5,1,4; 1,5,2,4; 1,5,2,5; 2,1,1,1; 2,1,1,2; 2,1,2,2; 2,1,3,1; 2,1,3,2; 2,2,1,1; 2,2,1,2; 2,2,1,3; 2,2,2,1; 2,2,2,3; 2,2,3,1; 2,2,3,2; 2,2,3,3; 2,3,1,2; 2,3,1,3; 2,3,1,4; 2,3,2,2; 2,3,2,4; 2,3,3,2; 2,3,3,3; 2,3,3,4; 2,4,1,3; 2,4,1,4; 2,4,1,5; 2,4,2,3; 2,4,2,5; 2,4,3,3; 2,4,3,4; 2,4,3,5; 2,5,1,4; 2,5,1,5; 2,5,2,4; 2,5,3,4; 2,5,3,5; 3,1,2,1; 3,1,2,2; 3,1,3,2; 3,1,4,1; 3,1,4,2; 3,2,2,1; 3,2,2,2; 3,2,2,3; 3,2,3,1; 3,2,3,3; 3,2,4,1; 3,2,4,2; 3,2,4,3; 3,3,2,2; 3,3,2,3; 3,3,2,4; 3,3,3,2; 3,3,3,4; 3,3,4,2; 3,3,4,3; 3,3,4,4; 3,4,2,3; 3,4,2,4; 3,4,2,5; 3,4,3,3; 3,4,3,5; 3,4,4,3; 3,4,4,4; 3,4,4,5; 3,5,2,4; 3,5,2,5; 3,5,3,4; 3,5,4,4; 3,5,4,5; 4,1,3,1; 4,1,3,2; 4,1,4,2; 4,1,5,1; 4,1,5,2; 4,2,3,1; 4,2,3,2; 4,2,3,3; 4,2,4,1; 4,2,4,3; 4,2,5,1; 4,2,5,2; 4,2,5,3; 4,3,3,2; 4,3,3,3; 4,3,3,4; 4,3,4,2; 4,3,4,4; 4,3,5,2; 4,3,5,3; 4,3,5,4; 4,4,3,3; 4,4,3,4; 4,4,3,5; 4,4,4,3; 4,4,4,5; 4,4,5,3; 4,4,5,4; 4,4,5,5; 4,5,3,4; 4,5,3,5; 4,5,4,4; 4,5,5,4; 4,5,5,5; 5,1,4,1; 5,1,4,2; 5,1,5,2; 5,2,4,1; 5,2,4,2; 5,2,4,3; 5,2,5,1; 5,2,5,3; 5,3,4,2; 5,3,4,3; 5,3,4,4; 5,3,5,2; 5,3,5,4; 5,4,4,3; 5,4,4,4; 5,4,4,5; 5,4,5,3; 5,4,5,5; 5,5,4,4; 5,5,4,5; 5,5,5,4 }
  Gegeven = { 1,1,13; 1,3,15; 2,2,25; 2,3,1; 2,4,2; 2,5,18; 3,2,24; 3,4,21; 4,1,10; 4,3,22; 4,4,4; 4,5,20; 5,1,9; 5,4,6 }
  Oplossing = { 1,1->13; 1,2->14; 1,3->15; 1,4->16; 1,5->17;
                2,1->12; 2,2->25; 2,3->1; 2,4->2; 2,5->18;
                3,1->11; 3,2->24; 3,3->3; 3,4->21; 3,5->19;
                4,1->10; 4,2->23; 4,3->22; 4,4->4; 4,5->20;
                5,1->9; 5,2->8; 5,3->7; 5,4->6; 5,5->5 }
}
