Number of models: 1
Model 1
=======
structure  : V {
  Getal = { 0..40 }
  Kolom = { 1..8 }
  Rij = { 1..8 }
  Buur = { 1,1,1,2; 1,1,2,1; 1,1,2,2; 1,2,1,1; 1,2,1,3; 1,2,2,1; 1,2,2,2; 1,2,2,3; 1,3,1,2; 1,3,1,4; 1,3,2,2; 1,3,2,3; 1,3,2,4; 1,4,1,3; 1,4,1,5; 1,4,2,3; 1,4,2,4; 1,4,2,5; 1,5,1,4; 1,5,1,6; 1,5,2,4; 1,5,2,5; 1,5,2,6; 1,6,1,5; 1,6,1,7; 1,6,2,5; 1,6,2,6; 1,6,2,7; 1,7,1,6; 1,7,1,8; 1,7,2,6; 1,7,2,7; 1,7,2,8; 1,8,1,7; 1,8,2,7; 1,8,2,8; 2,1,1,1; 2,1,1,2; 2,1,2,2; 2,1,3,1; 2,1,3,2; 2,2,1,1; 2,2,1,2; 2,2,1,3; 2,2,2,1; 2,2,2,3; 2,2,3,1; 2,2,3,2; 2,2,3,3; 2,3,1,2; 2,3,1,3; 2,3,1,4; 2,3,2,2; 2,3,2,4; 2,3,3,2; 2,3,3,3; 2,3,3,4; 2,4,1,3; 2,4,1,4; 2,4,1,5; 2,4,2,3; 2,4,2,5; 2,4,3,3; 2,4,3,4; 2,4,3,5; 2,5,1,4; 2,5,1,5; 2,5,1,6; 2,5,2,4; 2,5,2,6; 2,5,3,4; 2,5,3,5; 2,5,3,6; 2,6,1,5; 2,6,1,6; 2,6,1,7; 2,6,2,5; 2,6,2,7; 2,6,3,5; 2,6,3,6; 2,6,3,7; 2,7,1,6; 2,7,1,7; 2,7,1,8; 2,7,2,6; 2,7,2,8; 2,7,3,6; 2,7,3,7; 2,7,3,8; 2,8,1,7; 2,8,1,8; 2,8,2,7; 2,8,3,7; 2,8,3,8; 3,1,2,1; 3,1,2,2; 3,1,3,2; 3,1,4,1; 3,1,4,2; 3,2,2,1; 3,2,2,2; 3,2,2,3; 3,2,3,1; 3,2,3,3; 3,2,4,1; 3,2,4,2; 3,2,4,3; 3,3,2,2; 3,3,2,3; 3,3,2,4; 3,3,3,2; 3,3,3,4; 3,3,4,2; 3,3,4,3; 3,3,4,4; 3,4,2,3; 3,4,2,4; 3,4,2,5; 3,4,3,3; 3,4,3,5; 3,4,4,3; 3,4,4,4; 3,4,4,5; 3,5,2,4; 3,5,2,5; 3,5,2,6; 3,5,3,4; 3,5,3,6; 3,5,4,4; 3,5,4,5; 3,5,4,6; 3,6,2,5; 3,6,2,6; 3,6,2,7; 3,6,3,5; 3,6,3,7; 3,6,4,5; 3,6,4,6; 3,6,4,7; 3,7,2,6; 3,7,2,7; 3,7,2,8; 3,7,3,6; 3,7,3,8; 3,7,4,6; 3,7,4,7; 3,7,4,8; 3,8,2,7; 3,8,2,8; 3,8,3,7; 3,8,4,7; 3,8,4,8; 4,1,3,1; 4,1,3,2; 4,1,4,2; 4,1,5,1; 4,1,5,2; 4,2,3,1; 4,2,3,2; 4,2,3,3; 4,2,4,1; 4,2,4,3; 4,2,5,1; 4,2,5,2; 4,2,5,3; 4,3,3,2; 4,3,3,3; 4,3,3,4; 4,3,4,2; 4,3,4,4; 4,3,5,2; 4,3,5,3; 4,3,5,4; 4,4,3,3; 4,4,3,4; 4,4,3,5; 4,4,4,3; 4,4,4,5; 4,4,5,3; 4,4,5,4; 4,4,5,5; 4,5,3,4; 4,5,3,5; 4,5,3,6; 4,5,4,4; 4,5,4,6; 4,5,5,4; 4,5,5,5; 4,5,5,6; 4,6,3,5; 4,6,3,6; 4,6,3,7; 4,6,4,5; 4,6,4,7; 4,6,5,5; 4,6,5,6; 4,6,5,7; 4,7,3,6; 4,7,3,7; 4,7,3,8; 4,7,4,6; 4,7,4,8; 4,7,5,6; 4,7,5,7; 4,7,5,8; 4,8,3,7; 4,8,3,8; 4,8,4,7; 4,8,5,7; 4,8,5,8; 5,1,4,1; 5,1,4,2; 5,1,5,2; 5,1,6,1; 5,1,6,2; 5,2,4,1; 5,2,4,2; 5,2,4,3; 5,2,5,1; 5,2,5,3; 5,2,6,1; 5,2,6,2; 5,2,6,3; 5,3,4,2; 5,3,4,3; 5,3,4,4; 5,3,5,2; 5,3,5,4; 5,3,6,2; 5,3,6,3; 5,3,6,4; 5,4,4,3; 5,4,4,4; 5,4,4,5; 5,4,5,3; 5,4,5,5; 5,4,6,3; 5,4,6,4; 5,4,6,5; 5,5,4,4; 5,5,4,5; 5,5,4,6; 5,5,5,4; 5,5,5,6; 5,5,6,4; 5,5,6,5; 5,5,6,6; 5,6,4,5; 5,6,4,6; 5,6,4,7; 5,6,5,5; 5,6,5,7; 5,6,6,5; 5,6,6,6; 5,6,6,7; 5,7,4,6; 5,7,4,7; 5,7,4,8; 5,7,5,6; 5,7,5,8; 5,7,6,6; 5,7,6,7; 5,7,6,8; 5,8,4,7; 5,8,4,8; 5,8,5,7; 5,8,6,7; 5,8,6,8; 6,1,5,1; 6,1,5,2; 6,1,6,2; 6,1,7,1; 6,1,7,2; 6,2,5,1; 6,2,5,2; 6,2,5,3; 6,2,6,1; 6,2,6,3; 6,2,7,1; 6,2,7,2; 6,2,7,3; 6,3,5,2; 6,3,5,3; 6,3,5,4; 6,3,6,2; 6,3,6,4; 6,3,7,2; 6,3,7,3; 6,3,7,4; 6,4,5,3; 6,4,5,4; 6,4,5,5; 6,4,6,3; 6,4,6,5; 6,4,7,3; 6,4,7,4; 6,4,7,5; 6,5,5,4; 6,5,5,5; 6,5,5,6; 6,5,6,4; 6,5,6,6; 6,5,7,4; 6,5,7,5; 6,5,7,6; 6,6,5,5; 6,6,5,6; 6,6,5,7; 6,6,6,5; 6,6,6,7; 6,6,7,5; 6,6,7,6; 6,6,7,7; 6,7,5,6; 6,7,5,7; 6,7,5,8; 6,7,6,6; 6,7,6,8; 6,7,7,6; 6,7,7,7; 6,7,7,8; 6,8,5,7; 6,8,5,8; 6,8,6,7; 6,8,7,7; 6,8,7,8; 7,1,6,1; 7,1,6,2; 7,1,7,2; 7,1,8,1; 7,1,8,2; 7,2,6,1; 7,2,6,2; 7,2,6,3; 7,2,7,1; 7,2,7,3; 7,2,8,1; 7,2,8,2; 7,2,8,3; 7,3,6,2; 7,3,6,3; 7,3,6,4; 7,3,7,2; 7,3,7,4; 7,3,8,2; 7,3,8,3; 7,3,8,4; 7,4,6,3; 7,4,6,4; 7,4,6,5; 7,4,7,3; 7,4,7,5; 7,4,8,3; 7,4,8,4; 7,4,8,5; 7,5,6,4; 7,5,6,5; 7,5,6,6; 7,5,7,4; 7,5,7,6; 7,5,8,4; 7,5,8,5; 7,5,8,6; 7,6,6,5; 7,6,6,6; 7,6,6,7; 7,6,7,5; 7,6,7,7; 7,6,8,5; 7,6,8,6; 7,6,8,7; 7,7,6,6; 7,7,6,7; 7,7,6,8; 7,7,7,6; 7,7,7,8; 7,7,8,6; 7,7,8,7; 7,7,8,8; 7,8,6,7; 7,8,6,8; 7,8,7,7; 7,8,8,7; 7,8,8,8; 8,1,7,1; 8,1,7,2; 8,1,8,2; 8,2,7,1; 8,2,7,2; 8,2,7,3; 8,2,8,1; 8,2,8,3; 8,3,7,2; 8,3,7,3; 8,3,7,4; 8,3,8,2; 8,3,8,4; 8,4,7,3; 8,4,7,4; 8,4,7,5; 8,4,8,3; 8,4,8,5; 8,5,7,4; 8,5,7,5; 8,5,7,6; 8,5,8,4; 8,5,8,6; 8,6,7,5; 8,6,7,6; 8,6,7,7; 8,6,8,5; 8,6,8,7; 8,7,7,6; 8,7,7,7; 8,7,7,8; 8,7,8,6; 8,7,8,8; 8,8,7,7; 8,8,7,8; 8,8,8,7 }
  Gegeven = { 1,2,33; 1,3,35; 2,3,24; 2,4,22; 3,4,21; 4,2,26; 4,4,13; 4,5,40; 4,6,11; 5,1,27; 5,5,9; 5,7,1; 6,5,18; 7,6,7; 8,7,5 }
  Leeg = { 1,6; 1,7; 1,8; 2,6; 2,7; 2,8; 3,7; 3,8; 4,7; 4,8; 5,8; 6,1; 6,2; 6,8; 7,1; 7,2; 7,3; 7,4; 8,1; 8,2; 8,3; 8,4; 8,5; 8,6 }
  Oplossing = { 1,1->32; 1,2->33; 1,3->35; 1,4->36; 1,5->37; 1,6->0; 1,7->0; 1,8->0; 2,1->31; 2,2->34; 2,3->24; 2,4->22; 2,5->38; 2,6->0; 2,7->0; 2,8->0; 3,1->30; 3,2->25; 3,3->23; 3,4->21; 3,5->12; 3,6->39; 3,7->0; 3,8->0; 4,1->29; 4,2->26; 4,3->20; 4,4->13; 4,5->40; 4,6->11; 4,7->0; 4,8->0; 5,1->27; 5,2->28; 5,3->14; 5,4->19; 5,5->9; 5,6->10; 5,7->1; 5,8->0; 6,1->0; 6,2->0; 6,3->15; 6,4->16; 6,5->18; 6,6->8; 6,7->2; 6,8->0; 7,1->0; 7,2->0; 7,3->0; 7,4->0; 7,5->17; 7,6->7; 7,7->6; 7,8->3; 8,1->0; 8,2->0; 8,3->0; 8,4->0; 8,5->0; 8,6->0; 8,7->5; 8,8->4 }
}

